$ANSIBLE_VAULT;1.1;AES256
37376665313739613665333939303039666238343961626436373334306438613466396166616663
6233306264663739333064346131633536643939313866650a376532313537353765613263313165
62383866383731343330616337356466623861643864363764613365613033666231643564323633
3665663136366364320a646264363964366131386535326434396430383233333735613135663966
61353133623534306461663666326630343463393033653735616162343638636439656132383463
37626465336430623832356133643834386365323230643931383034373164656430386463303937
65633361366466383736643835353132656663313764313336393432666663373865303633313765
39656534393331626238616235373064363938353637303234366365626165383236613233376563
31336331363662376431663235613538323662323833326237303836613638346537633463643938
30353437633361366265616461653434386561643865626663313730396564363038643633333162
37666262376539646462363230633634643735613133626531346439623565303132383463636435
38613437376538313235316233666535363036653863376437613931376435623738633437343131
37323366316231353863666332656663373633623866366238613830393364346663643866613038
61356565316263306235356536303562643132326139313863376166623330613334636537323064
31393935333937623137373937393764303261343531383230396233633038623265306136653334
38643034386335633132313166626563666131323062343862343634306166636430353838383732
36376231303463643664306533393239323832656438353762653233383032393537616364333333
34393564396564653933303234383661303034363564626465616361306434326366326435306132
64656434326463353333623735633763316664306163303064306463643166386138633031376232
31326535613733353362633230356563303233376161323936363461616663323038636265383231
62653536643166343366666336333439366132386564613837636266346561616535313534333231
35313434316339663635353564663430333238356130336261316130393237383838356265323765
33366666613231643132323537323830643539323035643763623934326163626234633739356635
39323538313264363562616134613833353438343237653533333539353830633035663464656664
35613039633761636230363362376430623135323636323437323332363931656163373234653736
33646237366333363166343338333733316134356332393134316464633364356534323237633435
33343864316364666536373036663961653363623239663035373766333561353033636365386131
39633434633237343831346630643761323062323166646664643835306333383766653038366362
62636561333864383963616632343433353331636134343632633136666362343833343135623036
30313266373239336665653363646663326335656430323561646665326464306163333831313563
34633234373163373037393439663031316333643137393363383864613337353739636166376330
39336566363166376339313362663061306437633365396662663630666136646637303461386638
34353236356332363236653232393933383230336465346561626133623536343930363233653936
32356162313065636230636636306363323562363766656339373834626638343238666331633266
34326636656330393566656565643130633132643035343431636431326561386531323162356137
34373161346236346537666161623331303733383234356463626638636134613563376530396436
62346230623362326365313331616164663238353364373764373466626264386633383065336336
30316663326637653937393662393231366261313032316636313561343664643937633765616561
32393636393338666162303438663661626532353733656334373532333139623832383063616238
63323134333566323436303739616665336538393438333735363364623734313361383433336162
64393533386639376334636136383566623865316237396466356536363162346436313937656437
36356433353736616436393466353331663233343234346134363338663066303963663564613266
31626130373335386432343634376339633233373036393333386539623362396331346136303437
36636330393665663731376135343935636466373330613430623537323062316336373838653738
62393536633834323064326664393735626330363966363036363364616366333962663635303638
32343938643633666435663463313032376532373764396435396664646235303262356333353766
36373632666366353163646663373130383636663133356365353733386437613838353336363162
37383633646339383161303965356466363639663130383030333965303064376230623330666166
62386534316639323138366335643337313537306531343232343231353264653266333431626561
30326362316136626437333139633939396336333832343133656465346564656233346366616366
31653763393331393939313136383866666237343530623137393134663331383431386432633138
64646430633230383136303339383734643934613034373964613239643730323431653633366339
63393763653035326562303238643732393064613633376631323366613666306339333332316533
35393263336462653533393063653162313639306233616266343564616631323964346535396665
64393739393762363839346331613231363964653139306530316339303033626134646263366664
66393835643238326532313633356237306265633538613432646337313635306561316662396663
37313965613763633664616532343430616465623262666434343135346237333365396230363064
65653665653463383230326330366232333766643433666663613036326232363061643632363434
32383135356232656136353631636333333836323435666132346463396432313065316236653966
62383837353731386166613334323061396466656534393932613432663937336632363831656332
35646334333566336139643937343535376261643065613838386533363933323933323434316538
66353930336463343466323165343532313732613137343033313335303834343033353362373664
62346639393932363365626663393437613264343630393137623235393238306539303762613366
65643261353166373332376662373334386563653534363433323365633234663061306534616436
63366462356165613165346330656636376530623637323332363236663563623236626362353931
62653733643866326261623435646339663838306533306331313564383833376631383433623762
62306263396533646364616231363766313834316264643461326262373034646132393862353165
39333566333665373739303431383331303634613465633662316433303530623162393336636533
32633134353966313137663030653434623461663337303236656235616335656435633866356135
32306465303161646535313735626230363431353935666663383234316162666261383165626430
66626164393762643830613937626362626165353662633532646138323938666363366538623964
37303434646265323862666364306430653232633732303164393234346562616131616463643235
34363865663363323933333531353362623331373961313766333431313930366238666234316564
37626564633137336165613634343239663636396637613432653034383134393531396236636565
65623233326530626530653934316330356566653939353266363565653834373930346464336230
31383630663964306135643066633235386365623832616165306434626665666562313861656161
33663062333662373766333833343130303166303937323532326165653838383337346132646234
61386530626233333065626230623165393866613232633263313338313439303931383339653666
39376666376430353938323266356162623637636635366535613731653538383663363539373335
30646663396564383063366461316166633337373864636263646532313866646637666132323664
35643461356338346330643131636432653561356164613231623936666339306337306163346639
63353162376666636631353237666366343533643638333461366165623935623838336666393033
36623136613034303565336630323230323466316337346437353931646530313463383831653933
38356465353161306631333034353030383435323734613434373436653632663131383233353861
65633633396566636338613933393437623638373662333233376661373337346336363662633064
64666231386638313731613431633030626164363731373431303765653063306539376530376362
30633633326162356466643265646166373961373337613637623431336631383862353662363834
33333139376566333435316537623335353335653533313061633130616137613763393161366434
32313532366530663462386334366238333162303339336266326530366333643437333563383331
6638306234633464383738646564326366323466326661653533
